5
C++ Naive Solution
pcmpistrm + pcmpestrm + ordering
pcmpistrm + pcmpestrm
pcmpestrm
2 x 64 bit sub
10007
33303 1487 1467 3256 1460
20007
61795 2634 2651 5789 2634
30003
92599 3934 3951 10003 4043
40008
123377 5254 5256 13000 5375
50011
157790 6696 6701 15359 6720
60001
188607 8036 8025 18847 8218
70008
229336 9338 10797 21970 9570
80015
252058 10676 10695 25349 10968
90004
318570 13136 13158 30347 12043
100015
322082 13624 13660 31354 13642
110002
362173 15353 15326 33753 15392
120001
395154 16723 16733 36796 16774
130002
440709 18140 18248 39876 18128
140004
482735 19988 19965 43892 20010
150001
504759 21367 21390 49182 21400
160006
646484 27240 22833 52061 24425
170010
572925 24220 24242 53327 24263
180009
606206 25654 25669 56457 25689
190004
640562 27140 27110 59579 29028
200013
742904 29464 29193 66574 29211
210003
717448 30705 30653 70903 29954
220000
821448 32320 31355 74138 32117
230009
797201 32774 32786 87829 33505
240011
808826 34286 34215 77248 35038
250012
841734 35621 35625 78394 35654
260011
897499 37912 37922 87184 37944
270006
916853 38483 38479 84607 38522
280012
972192 40828 40844 93853 40842
290008
1005661 42888 42281 100619 41342
300015
1043760 43756 43768 100578 43770
310006
1058048 45731 45193 103923 45233
320009
1114989 46734 46656 102642 46665
330004
1116636 53972 48140 110120 48391
340003
1809601 55398 51980 109065 50293
350014
1229982 51019 51017 112278 51043
360009
1299605 52513 57625 115448 57914
370005
1312201 58690 57967 122569 63757
380010
1318330 67743 59219 159439 62776
390008
1454698 81038 60227 125086 56893
400014
1429845 58588 57135 132380 62204
410006
1579964 60875 60377 146262 62954
420013
1504476 74031 61235 156748 61257
430015
1502562 78033 63004 138321 66241
440010
1516889 78324 64154 141098 66806
450003
1584298 72890 69215 157242 74997
460012
1607047 72891 67085 154179 67086
470002
1700119 74343 72893 158010 70823
480010
1654284 75571 69967 160550 72412
490002
1674977 74851 73735 168677 75611
500009
1737163 78596 72888 160313 72931
510009
1807912 80250 84497 170919 74389
520008
1788230 81078 86960 187348 81483
530011
1858610 82930 83043 177413 82977
540012
1899286 102330 82417 191917 84483
550012
1932387 86044 85587 187900 85963
560010
1924480 94398 79808 175442 79809
570000
1963864 89002 88967 195487 87048
580009
2051791 86133 84565 215238 84617
590014
2024523 86383 95507 189182 91817
600000
2069129 88421 94968 205354 93297
610002
2175042 91957 90104 206920 90158
620003
2142184 90494 90424 207828 90450
630005
2175240 91887 91887 211192 91899
640015
2248595 93324 93594 205199 93387
650006
2256255 94871 94771 208439 94822
660010
2280542 96291 96565 221217 96271
670003
2341887 100373 112929 241438 103523
680006
2343299 125280 102453 240942 104993
690002
2396735 104867 100628 233531 106339
700002
2460787 120580 107951 235644 107877
710014
2499036 113553 109349 238874 115133
720000
2486470 105049 105028 236172 109081
730015
2535816 107021 110345 255741 110415
740012
2525646 108708 111697 253564 115613
750014
2583228 125777 113251 240610 109428
760010
2614905 112305 113721 244168 112223
770013
2617100 114010 114952 249212 127046
780001
2653158 134445 111132 255617 111247
790011
2712330 116038 115360 265074 115219
800012
2754566 117477 129846 271956 116687
810001
2778197 115644 115893 265423 115483
820001
2783251 116883 117247 268596 134223
830013
2841401 121328 121016 266166 121048
840015
2851206 166942 121346 275582 121050
850014
2965783 123964 129755 308112 141340
860012
2958146 125734 152564 275744 125426
870012
2968718 133626 132666 302940 132760
880008
3067152 130680 139983 305655 136065
890012
3071408 132707 154907 309516 135601
900000
3060519 153277 154458 299756 136985
910013
3136654 132935 138453 306002 146762
920012
3165985 134095 145830 314184 134156
930000
3202370 135578 158649 320401 141363
940005
3235724 137068 137281 335744 145293
950001
3266463 139792 155806 335537 144427
960014
3366178 157133 139947 326069 157394
970007
3336213 152966 152816 322225 156799
980012
3323333 143180 142909 314214 142965
990004
3430244 144696 144493 317426 153879
1000013
3455002 145953 145792 320621 145819
